67.315300 65.261300
64.252300 68.180200
33.549500 61.441400
53.585600 63.387400
50.918900 72.252300
55.711700 58.955000
59.964000 78.738700
60.973000 74.090100
87.099100 84.756800
78.414400 92.360400
74.162200 77.765800
64.216200 74.666700
54.702700 51.711700
54.198200 55.099100
49.369400 53.549500
77.513500 69.549500
79.531500 85.837800
75.531500 70.342300
62.738700 72.973000
90.090100 90.630600
59.063100 55.387400
80.000000 78.846800
60.973000 74.162200
87.495500 77.657700
76.756800 76.144100
86.774800 86.702700
70.594600 72.576600
69.225200 78.846800
61.801800 77.873900
64.144100 61.729700
69.693700 78.270300
93.045000 89.837800
92.036000 91.387400
64.072100 72.072100
53.801800 65.801800
91.783800 89.045000
75.459500 90.270300
72.684700 90.991000
92.648600 89.621600
62.018000 74.234200
62.054100 56.792800
69.765800 74.918900
71.243200 80.684700
92.108100 93.441400
86.955000 94.810800
